-7.598624932438138302e-01 3.110535104168549170e-01
-1.756257246924598947e+00 -1.616959637649948656e+00
-1.079628537053747728e+00 -1.099807756906133471e-01
-3.178182343329873927e-01 -6.283450840106175050e-03
-1.485519306956708085e+00 1.151528562841474201e+00
-3.355227442568280427e-01 2.949276646721761264e-01
-2.838541779696934775e-02 1.443921646907744938e+00
-4.352678345876126453e-01 4.946551062899018913e-01
4.452354637074942278e-01 8.075774050446280494e-01
-3.184571320347525658e-01 6.273777375099370834e-01
-2.070204430270246476e+00 -4.908601075628903909e-01
-2.792949587813356782e+00 -1.464540670370091391e+00
-3.077161205545349443e+00 -1.392583561946643567e+00
-1.442838863333078647e+00 -2.565765204916000131e-01
5.975927008342822866e-01 9.376755722236702617e-01
1.330179900234502721e-01 1.972959684907821698e+00
-1.623030797611465736e+00 -1.690891984491539601e-01
-1.886052861429964533e+00 -1.015407192639578238e+00
-8.507733155216133936e-01 -8.676581383720241569e-02
-1.203213318734309700e+00 -3.959518158721694325e-01
-1.166752895860675432e+00 -5.213394791773402481e-01
-8.158297349285132949e-01 3.876458911649330319e-01
-1.280061193213510418e+00 -4.036866703300583392e-01
-7.433162887739275249e-02 1.617965101310463005e+00
2.094317472520652590e-01 1.021183124628987082e+00
-2.992771208657247772e-01 3.496841325955594715e-01
-1.686597572031863779e+00 -1.600487059019520264e-01
-4.963692367983392195e-01 6.696658575302008587e-02
-8.171060986215135102e-01 2.041965414562877668e-01
-1.349571980179533615e+00 -9.797028839779873266e-01
1.948959304675355053e-01 2.886790821807804774e-01
-4.543497030980393481e-01 -2.719755505793628458e-01
-1.878340260510178883e+00 -1.756865498438062723e-01
-1.481486665260232538e+00 -4.262536044675219182e-03
7.268874106242255717e-01 1.961350875226887558e+00
-1.080306411583618065e+00 -5.445039400124105367e-01
2.462941662335882409e+00 3.517870825105928301e+00
-2.146630348937552668e+00 4.300448671290012514e-01
-1.180439492761887976e+00 -2.995220254080244171e-01
1.977928843171739004e-02 1.085490439839398746e+00
-2.614050826783225645e+00 -9.139364404532972497e-01
-2.321085864081544603e-01 -1.653156015546164426e-02
-2.374911070511020128e+00 1.303840713379466054e-01
-2.841325509426033680e-01 1.133412322446642362e+00
-1.873515558684570426e+00 -9.625312032372427273e-01
-7.259841008517309291e-01 4.842301409536776680e-01
-1.560551871142540570e+00 -1.353710245656052913e-01
-7.803598916506999661e-01 1.964708089140305980e-02
-1.190214728640965003e+00 -1.276966665103144383e+00
-2.182871644886584583e+00 -9.609332164516536379e-01
-1.746606705670382675e-01 -2.025369607631816171e-01
-1.470054429477533064e-01 1.090418153493969422e+00
-3.665846086593371744e-03 8.316916082777093822e-01
1.207599904757979292e+00 1.534196642021167900e+00
-2.239014541973895156e+00 -1.015577658591092503e+00
-2.598529133538961311e+00 -2.353016734501839125e+00
-2.164924893156957575e-01 6.518571616776843713e-01
-1.066563450126822632e+00 4.297734405297785609e-01
4.212108567132810677e-02 3.749815904936736333e-01
-8.090571399799079133e-01 -1.454193165379733976e+00
9.601617006632894302e-01 2.191783816159563969e+00
-2.456148721887447373e+00 -6.989322639058075382e-01
-1.399781764211947221e+00 -1.358246142828681169e+00
-8.315352894719056920e-01 3.027510461549381970e-02
-7.487980667668021617e-01 -3.783529855554935151e-01
-1.288535827814366153e+00 2.709353053420086588e-01
-1.894493705245420045e+00 -9.128040746562947616e-01
-1.211175763081306478e+00 1.990182922203332094e-01
-1.464807403619918791e+00 -2.676808729005580867e-02
1.105787774051056882e-01 1.125776000293399859e+00
-5.092648528047900580e-01 4.370995778442839375e-01
-8.655696432861048617e-01 -2.129972760539387000e-01
-1.060958274426381909e+00 5.688084820855030532e-01
-2.717068299134287379e+00 -1.991080154543341862e+00
-2.151707398315081843e+00 -1.625689713007493209e-01
-2.386456817719333934e+00 -1.137832864505616159e+00
9.917663800411102848e-02 2.084358345066819496e+00
-7.514364552929162500e-01 5.519281785820515651e-01
-3.822725913080650129e-01 3.760358980601777867e-01
-1.014862942777122079e+00 -5.540560012390769451e-01
-2.323502793205853401e+00 -1.366443085269955171e+00
-2.135465917935573721e+00 -9.303712857724369956e-01
-1.595476896099402797e+00 -7.079076025923042303e-01
-9.299300635511289492e-01 -6.070337608938636276e-01
-2.536223271103224874e+00 -1.204777149525069424e+00
-1.182222652156365683e+00 -1.648360588961650830e+00
5.558674281338769063e-01 1.354715537471719244e+00
-1.806301659931430770e+00 -1.069255219771180654e+00
2.017781912777736331e-01 5.016426609067210496e-01
-1.486687202401592023e-01 4.785206929264756992e-01
-1.840940224207428644e+00 -7.167939465063546400e-01
3.548759052856942375e-01 1.414739778400265102e+00
-1.819698552844954964e+00 -1.312921089864298896e+00
2.344751912771514402e-01 1.434832446050040344e+00
-7.999291573069209349e-01 8.501588933365431533e-01
-5.731286539812663339e-01 6.597771271147827576e-01
-1.557518811576064088e+00 1.057495040646428131e-01
-1.384551314066440941e+00 1.049256324786311256e-01
-1.534311714273651317e+00 -1.711382835928130453e+00
-2.118874065147482000e+00 -1.328234964125874384e+00
-1.193626561615822590e+00 3.787523391340251733e-01
-1.155328857522287977e+00 -3.703394029453760949e-01
5.647908529061993477e-01 1.287018467015893286e+00
-5.378420746404888320e-01 -3.100741470004350631e-01
-2.654520875066433305e+00 -9.620269506894472133e-01
-1.908021935658645862e-01 -2.104758957845009881e-03
1.231809512719523880e+00 1.958146604505106803e+00
4.256220877487155718e-01 1.884058076993532893e+00
9.509060524184236307e-01 2.161404751913123423e+00
-4.054719995618892847e-01 6.419574211401261055e-01
-1.064674085969140593e-01 6.770289098586949050e-01
-2.135702742943746957e-01 1.147711614112876699e+00
-5.560311168265175130e-01 1.057468113011827082e+00
1.440791789315443161e-02 1.518739230992064426e+00
1.843590788864757357e-01 7.225916871869371150e-01
1.814255751986992848e-01 3.430185887754787499e-01
6.886712574551592247e-01 1.469464470218051044e+00
8.187038735785481247e-01 1.746398282196591767e+00
-1.022383872062751387e+00 -7.989801319337552776e-01
-9.533182865433944553e-01 -4.719844559499286607e-01
-1.610470865312408684e+00 -7.259577525022653521e-03
-8.345719721586881690e-01 3.207333043252576510e-01
-2.698200074401552406e+00 -2.136162876960268076e+00
-8.777859816914210800e-01 -8.712036286430455689e-01
-1.169426490669329466e+00 -5.729437661553531402e-01
-1.183667217565300245e+00 1.024909127557179556e+00
-1.624600877745557614e+00 -9.628780517891213364e-01
-5.138244742284316935e-01 3.705396328700680253e-01
-1.517703366717246372e+00 -9.545369056403867347e-01
-3.310107654851246473e-01 -3.993041701283956413e-01
-1.267509430717690400e+00 -2.774249760431479750e-01
1.382011305764916376e-01 5.604975761388315547e-01
1.422365169269421692e-01 9.862667587408262548e-01
8.561685160054217647e-01 1.224135982491690644e+00
-6.648530540618591278e-01 -3.514489154799258497e-01
-1.356486463808066034e+00 -8.034278891560314717e-01
-7.659355581048792327e-01 5.276149743857192487e-01
-2.689919637184237100e+00 -8.239781584663932179e-01
1.921277224765132186e-01 1.332609476247580416e+00
-7.826416153650191943e-01 2.613295935460867581e-01
-4.622673030998251109e-01 3.780340378326578765e-01
-1.667926386781639181e+00 -5.935878933467675367e-01
-6.100041368536938124e-01 2.973414563070110317e-01
-6.132471788252075173e-01 -3.575985127970284783e-01
-2.069231865893589983e+00 -1.633515668138594057e+00
-1.215270816066674975e+00 -7.052323166395889631e-01
7.235465651085177807e-01 2.154050304098447555e+00
-1.648637590751897974e+00 -2.069146450692324057e-01
-8.445825736883076917e-01 2.634056077192788448e-01
-3.341517622892098416e-02 1.861162618723063655e+00
5.777275514663653411e-01 1.138518549840295879e+00
-1.857264760367444811e+00 -9.174510213172342166e-01
-2.132022829954820065e+00 -1.274545202841721458e+00
-2.674887008143417511e+00 -1.582620843841795466e-01
-8.399490535678950653e-01 3.221317806712106768e-01
5.710733372541798580e-01 1.000952612359513161e+00
-7.259310783423540414e-01 -2.599900356847448246e-01
-1.352943446712414177e+00 -6.015320540612950628e-01
-1.496801022870977382e+00 -5.501858615565460298e-01
-2.118697686337858599e+00 -1.188129300588667281e+00
-1.024280666374563609e+00 1.490383541752334562e+00
-7.898916330371210659e-01 6.208874508630322087e-01
-8.343407598246915802e-01 2.527625093389118671e-02
-1.299214581811676483e+00 -2.736588883540059247e-01
2.671724379182740527e-01 4.892567705114178600e-01
-8.353123321360486075e-01 -5.349825152424417807e-01
-1.762401768717394068e+00 -5.619105754404978281e-01
-1.811042817574450181e+00 -5.761674411277084573e-01
1.772575186980731576e-01 -9.532172760841912673e-01
-1.617734945748930508e+00 4.571218308664209973e-02
-6.690237524710752615e-01 1.296727772817181656e-01
-1.903460153838678171e+00 -2.876809261416792274e-01
-1.847989699735015368e-01 7.581212415846063646e-01
2.393844814391714593e-01 8.426222463032695398e-02
-1.927095766002064448e+00 -8.189172906183215250e-01
-1.143472496865347576e+00 -5.162840239812432896e-01
-1.944125763894089864e+00 -8.445875131257214452e-01
-5.193356683853835865e-01 3.157166488778379576e-01
-3.639635104452210168e-01 1.370435123194831073e+00
-8.814552511963181791e-01 -5.153687329145364981e-02
-2.704866391658180991e+00 -9.011849579137090060e-01
-6.010752087954482903e-01 2.315412857863402007e-01
-7.523791679932494425e-01 9.168070888109840499e-01
-2.592451377248465416e+00 -1.859801486377642199e+00
-2.372115903121237324e+00 -1.083896300341831598e+00
1.415232471919621648e+00 1.951252667461975232e+00
-4.817203560987608491e-01 4.606209094461941600e-01
6.498998760002534514e-01 2.090010361443286779e+00
-1.311314670953559913e+00 -5.825175036594052447e-01
6.954386161170817982e-01 1.912174163728501020e+00
-1.285392508635409436e+00 1.466148123250045066e-01
-2.800420944844806304e+00 -2.299716220466212935e+00
-1.778331895952870001e+00 -1.232367744341185789e+00
-6.494095055780467751e-01 -2.733610867032851832e-01
-4.061234383727212460e-01 4.349745112686744797e-01
-2.475167367000687957e-01 2.457159730709932433e+00
-1.564922954862332016e+00 -4.545582994724627346e-01
-1.287194528392245463e+00 -6.602409846058897303e-02
9.287863416574684283e-01 1.301175420780032121e+00
-2.154244351856954953e+00 -8.497495568021546930e-01
-9.317323961293924039e-01 2.737526292067411937e+00
-1.207010650669128271e+00 4.862918567061120356e+00
1.828553797004689896e+00 2.067726387632083274e+00
8.360485732650091428e-01 3.367927127431173062e+00
-1.496542385534642694e-01 2.631843878141214343e+00
6.555459004097455855e-01 2.723786208968728584e+00
2.401211270417751287e+00 1.669639532196624865e+00
1.296403803086060957e+00 2.021248320970141066e+00
1.592115229157184508e+00 3.674426689996311168e+00
2.774297259875808663e-01 3.460290305616759099e+00
-2.790995251267969213e-01 4.162130391890341841e+00
3.873524426333257997e-01 3.022256538056238728e+00
1.956927983634195289e+00 2.246529555684428914e+00
1.572349848855512100e-01 2.504448587435958995e+00
1.655825353653167298e+00 3.888845558086870824e+00
4.899594104650455417e-01 2.951537560660032700e+00
8.433221637850862873e-01 2.615448576239599809e+00
1.719755306337990675e+00 3.434039685687457766e+00
1.306609827847048821e+00 1.675484092371965827e+00
6.405892578799323722e-01 4.410360218948157218e+00
1.676653183416112025e+00 3.756114736755972405e+00
1.408698535867185297e+00 1.783539534781025004e+00
-9.166065875716200573e-02 3.616374134071364210e+00
1.202572560878814034e+00 2.885619465071510348e+00
2.105539019136692502e+00 3.125052044821462260e+00
1.852750590207963732e+00 1.402698484953396107e+00
2.374362713720477913e+00 1.406179806141046207e+00
3.338540236343450207e-01 3.394021194046919820e+00
5.142466091610023993e-01 4.727157686956016569e+00
1.811582797497202080e+00 3.791652167964731479e+00
6.008321966494583055e-01 4.730855429886951846e+00
3.428942302170936429e-01 2.989368844812856807e+00
-1.538774866595664648e-01 4.492281608798838199e+00
9.641718270386021583e-01 3.246558212278719324e+00
1.204834580892846674e+00 3.401202911149237451e+00
-1.893109141764759418e-01 3.680936581899484583e+00
4.644243405030619165e-01 3.092286832540746655e+00
2.587623963249301440e+00 2.489372092986412710e+00
2.543208265293534609e+00 1.606859251627704710e+00
2.413545633524946332e+00 2.962731132242775622e+00
9.018808798827608886e-01 2.830536740889552316e+00
2.121613271742330831e+00 2.100907470634058249e+00
2.581871488067422060e+00 1.586503175131696919e+00
1.318096419843542311e+00 3.163141801117155261e+00
-1.597619519303444591e+00 5.305743542218266384e+00
-5.924247287283808117e-01 4.111143191040975253e+00
1.342350172049736390e+00 3.617325307887812702e+00
4.987754190072545279e-01 3.874742774770219000e+00
1.830471467190206925e+00 1.477144910102406339e+00
1.095872779745638237e+00 2.941852961920079057e+00
-2.185556857155623867e-01 3.722586795302475160e+00
2.098893955159649494e+00 2.232243588366003006e+00
1.354965513517806031e+00 2.668106139799508281e+00
-2.906523846104187569e-01 3.186729071253374457e+00
4.295374015580403215e-01 3.557152729784190281e+00
2.017724437337464760e+00 3.598458389548716330e+00
4.272433194583826754e-01 1.997531073559682735e+00
-1.218053533689647860e+00 4.095360189555546704e+00
1.201109210960310980e+00 2.974671652099857955e+00
1.525909676863155706e+00 2.366451917986650777e+00
2.488782047220581717e+00 1.483538066500188046e+00
1.521937700903588819e+00 2.499444098819616045e+00
1.302094877255647543e+00 3.347802527940221040e+00
2.297313017682104164e+00 1.760650549332226866e+00
8.710119030979524002e-01 2.681060217577409865e+00
8.523024527184706045e-01 2.699524031954894099e+00
-1.797714516365296333e-01 3.519782522623860377e+00
9.100975135953180972e-01 3.980449969514086028e+00
1.302449040561743487e+00 3.293866073359038360e+00
2.417306166916822985e+00 2.510491017083276155e+00
-7.295027798072539760e-02 4.273589853370329372e+00
1.641775508656602156e+00 1.960297184350288768e+00
2.882240369433591631e+00 1.661404407703492847e+00
1.633489684875937042e+00 1.919021609423404051e+00
7.600230236747327339e-01 3.210449188152756594e+00
-6.422464754487455796e-01 4.570207419114185043e+00
9.935660386402824784e-01 3.436179194957925453e+00
1.318431382831537491e+00 2.521065949660778127e+00
1.147856700680245146e+00 2.826837538718430132e+00
-1.995342907484613182e+00 4.865567563236927739e+00
1.859319216445199929e+00 2.090671156080370796e+00
1.570472367093497024e+00 2.808970583216014116e+00
-4.244949754197424596e-01 5.170316390481342950e+00
1.977400923618934270e+00 2.420813973416490850e+00
1.398172452394952803e+00 3.432027725909455373e+00
-8.958196932027764348e-01 5.236632433757486993e+00
2.635894567571044345e-01 4.542155911756628583e+00
7.188025054681235204e-02 3.823913893389299545e+00
4.571255899444643944e-01 3.715876363577518937e+00
1.334893573079183327e+00 3.044772884378897260e+00
2.086089876750864658e+00 4.394755797069842984e+00
1.665771128909335763e+00 1.608567633557750565e+00
8.854822485002423749e-01 3.820747531440266798e+00
1.898249755669993100e+00 1.268472713088730774e+00
1.603718226948921410e+00 2.590406540997061580e+00
1.559229264590566988e-01 3.499471664997281906e+00
6.746416444341820640e-01 3.983528809202473653e+00
-1.197871066025717468e-01 3.211870990813723736e+00
1.564197902824654651e+00 2.570419258914570904e+00
1.430648119640361315e+00 2.560700290598178608e+00
-8.039794304843337347e-01 4.061365490835324721e+00
7.366226639222651640e-01 4.193216946141631318e+00
1.412273232861500194e+00 1.034368728417707661e+00
1.459563370846398866e+00 2.549937787788213672e+00
6.577361984074096002e-01 3.409731996489074213e+00
6.946482000099375442e-01 3.768885459447562258e+00
1.891541292063759316e+00 1.958485004219420400e+00
1.077444521056706739e+00 2.075999978366044108e+00
-8.899687691022406533e-02 3.984878060387009313e+00
1.223007184249378376e+00 2.267226419919722069e+00
1.656755776913682476e+00 1.585338661394155579e+00
1.617620586462969134e+00 3.006054414724023793e+00
-9.306009109007336022e-01 4.006056968308181254e+00
7.832398952382085833e-01 2.981361167829273739e+00
2.216196924251135236e+00 1.817522627326012108e+00
1.306214204834761361e+00 2.897421850988720848e+00
4.174441249708057411e-01 3.506926654005185107e+00
2.049718202620534058e+00 1.871972840580858222e+00
1.813671754371716904e+00 3.836421205462487549e+00
4.860315934624175327e-01 3.827815527902817205e+00
1.589484510169534515e+00 3.505884746387013529e+00
1.143071153395358142e+00 2.612098557311399283e+00
1.774997999651581670e+00 1.819514132234291814e+00
1.480493031163049977e+00 3.300670182197288582e+00
1.034784378824824547e-01 3.260214847723144516e+00
3.521435447165472965e-01 1.656760696241056596e+00
6.789343749431525632e-01 3.096155212071961316e+00
7.988380718586149953e-01 2.708797883697693809e+00
1.060117041352649503e+00 2.477166247547827105e+00
1.048703403116265864e+00 2.814605053756458641e+00
9.809809392004255058e-01 3.198306823844479840e+00
5.166878127430261092e-01 2.737726507992374714e+00
3.913617718732513850e-01 3.783125276395329806e+00
-9.799397982092432624e-01 4.309299594817820989e+00
4.484353770946979401e-01 3.674620919612998193e+00
7.000263104065004294e-01 3.720642147511946884e+00
1.290651065818487764e-01 4.285157664728912685e+00
1.360210075933369289e+00 1.325772097674914995e+00
2.022197343399638303e+00 2.193040933784023760e+00
4.178566402986174655e-01 3.162703652035212087e+00
9.929509924975364887e-01 2.076922779329531732e+00
1.092747913489929834e-01 3.828559592475470286e+00
3.905298435808018942e-01 3.321331120077032573e+00
2.104024298747831923e-01 2.394019664867286235e+00
9.594922845003550638e-01 3.020414207990118616e+00
1.398015148609978553e+00 3.481894551253911452e+00
-1.181735940407142138e+00 4.409422795830638009e+00
2.744172440349019748e-01 3.467575562953390200e+00
1.196626972437517367e+00 1.687863544599381260e+00
2.044716044163994439e-01 4.069220142013810992e+00
-4.775879346139879633e-01 4.591473310569416100e+00
1.393624324798359959e+00 4.806871608878248381e+00
-1.532780428876908907e+00 4.611616286500010986e+00
3.006388403537516574e+00 2.401823798831649981e+00
9.002195472857787983e-02 3.119437764226523413e+00
7.117618525596229873e-01 5.385823523891714260e+00
3.537188678244187479e-01 4.122356790159266815e+00
7.072733467234847415e-01 4.060498256750474155e+00
1.825264171690315740e+00 2.339871177149040804e+00
1.370085492514144132e+00 2.800117175861379426e+00
1.953132109543207262e+00 2.872148460263755254e+00
1.555125497524534328e+00 1.672602556386374451e+00
1.665012474762672667e+00 3.433159561767093582e+00
2.081309589091974388e+00 2.310938932344415164e+00
8.130859857982912775e-01 1.202572844674333785e+00
8.418068789891255399e-01 3.078241862727858269e+00
8.938031096040504053e-01 2.768854640173897153e+00
-3.907819406336165979e-01 5.043392759224719413e+00
1.641070060742595427e+00 1.963584802202867241e+00
2.169366835036439234e-01 4.198025941374019077e+00
1.231188312186122902e+00 2.606926816525590773e+00
-3.864735908326659697e-01 4.517983196199390150e+00
5.229473077504904754e-01 4.285795373990643142e+00
1.653004403282953838e-02 4.420492173970442806e+00
1.859403064450328991e+00 2.724391174244069180e+00
1.352325387065705264e+00 3.150620217342368523e+00
1.158514439647475580e+00 1.395431309550503762e+00
9.857582363443743168e-01 3.074522099410434084e+00
-1.498085555863515328e-01 3.619250546368962596e+00
-1.330382653040653729e-01 4.024544344515907923e+00
7.656867634565853731e-01 2.556808824021930882e+00
1.218935778100338929e+00 3.065089394336021122e+00
6.425232887260329262e-01 3.791956035097964417e+00
-6.190952813015151435e-01 3.090937415828423074e+00
7.123654199511348928e-01 1.611255779043147651e+00
1.381746645556986675e+00 3.701960923438985418e+00
9.433477180859937139e-01 4.382486949773289453e+00
-4.315396441795869009e-01 3.437476837756721970e+00
8.107550198764632565e-01 3.028492775869936704e+00
1.242274129921352666e+00 2.135940358099999159e+00
8.165535064321871594e-01 4.488600444573680015e+00
4.201502077473651120e-02 3.879292999023177924e+00
1.172188921805418449e+00 2.606795879973864416e+00
-3.307035597918570602e-01 3.794711777356159832e+00
1.483276071945233587e+00 2.726573502220637213e+00
4.341918375225093385e-01 2.964131828573896232e+00
4.452573741894494397e-01 3.752049592177765902e+00
-3.423137775426203788e-01 3.728319944837132027e+00
4.196608315979941661e-01 2.554393648381070747e+00
2.297394007450910713e+00 2.746944395002319794e+00
-9.176822225908463082e-01 5.282038158442738052e+00
-4.857270431680458245e-01 -4.610989117391572911e-01
7.235640523918407396e-01 2.671724659998863771e+00
1.280479359930398964e+00 4.215322195372319669e-01
1.143573965372237211e+00 -1.867911300682173703e+00
-6.041825831224931775e-01 7.137153200381517237e+00
-3.332055597696991001e+00 5.156154602441707979e+00
-1.897024120919712509e+00 -9.604637483301363687e-01
-2.447953387251379453e+00 -3.290967791414576737e+00
2.291028875219279115e+00 6.091075585227478939e-01
3.953838615245055976e+00 -2.705358781672680735e+00
3.344146373880928280e+00 -3.988151119387061350e+00
1.546771564923311360e+00 4.918702574089444113e-01
-1.112594951426070011e+00 -1.493131325783129792e+00
7.881057013255992061e-01 1.136627616439405131e-01
3.629700002905195788e+00 4.141415966322997022e+00
2.351522502726037800e-01 7.265239690684079932e+00
9.257683482350493875e-01 -6.626058017880591677e-01
1.888750281922773055e-01 -3.780224870816445204e+00
4.271847942155284628e-01 -3.626012069606403543e-01
-9.068204183455286227e-01 3.278386432707325326e-01
2.360664030878090180e+00 4.784316442433009797e+00
-3.472724519961904122e+00 4.936411260143335866e+00
2.974593979597321969e+00 5.997999356067964527e+00
-1.524850041427104230e+00 -1.196783232495398863e+00
2.913023995312902237e+00 6.528070083819057956e+00
-2.971884253868668502e+00 6.506652636528801992e+00
-3.541368655462526327e+00 6.050049472530396599e-01
-1.279342732291086193e+00 4.604735380039180370e+00
-1.511269942867392579e+00 -3.763410984730596542e+00
1.977938805829091429e+00 1.174344531042008200e+00
2.946647664474797423e+00 3.972279014054324264e+00
1.510191658841557150e+00 -3.830592305115994023e-01
1.742185131535988418e+00 4.580691171732915734e-01
9.279078790561516854e-01 1.357603629768297182e+00
-3.122518229872621731e-01 -1.329485796806201936e+00
-1.766137631338087211e+00 -3.818158702934386195e+00
3.696271132486325328e+00 1.443737863865836246e+00
3.331917461856392926e+00 4.989114328930087439e+00
-2.142333174282144981e-01 4.026504636698469142e-02
-1.290534705685423056e+00 5.913093309897259786e+00
-3.850494741086356143e+00 7.131816043524706217e+00
1.175484759277505731e+00 -2.051742461126131900e+00
-1.621672974543513668e+00 2.082751454151724246e+00
-1.073599443147664090e+00 5.001560917579627841e+00
2.278863698174772523e+00 1.238045916320024808e+00
2.534465402586221217e+00 -2.602494641518546814e+00
2.736710493726612903e+00 -1.574104967903027674e+00
-5.075796414825086700e-01 4.119097934097819547e+00
2.331633965809557729e+00 1.977314355876341523e+00
3.322286034871867244e+00 2.041260023493403075e+00
-2.106483787057784163e+00 -4.243049708505459705e-01
-4.008631905887227731e-01 3.275455802754443368e-01
-8.782978466872704004e-01 -3.436207874782554850e+00
3.839484788967719275e+00 2.939770846726326603e+00
-1.718844666738581495e+00 1.138640045225037589e+00
1.993682447373031685e+00 -3.229850268821482295e+00
-3.823008961493178148e+00 3.633687433482322149e-01
-1.842605117890387056e+00 -1.094501854438005406e+00
2.686326289796361344e+00 6.243110398423233676e+00
6.799179183446391050e-01 -3.965911139866951984e+00
-2.366438842892666372e+00 3.463032428154789955e+00
-2.913399253365856367e+00 -1.968661103884991714e+00
-1.986215195813364254e+00 3.698495670718822126e+00
3.223599349061066377e+00 -1.983267705344756937e+00
-3.974101145550192449e+00 -3.523532619839310875e+00
-7.039163649135051770e-01 7.934106318466529473e+00
-2.826374374190255168e+00 5.681889001208585199e+00
3.950786823851553109e-01 -1.210689729068362919e+00
-1.194566986169666833e+00 5.569603114484984019e+00
1.540707157215254419e+00 4.826389292519282392e+00
2.268306790192721856e+00 5.183375497061478043e+00
-9.887752732027381697e-01 6.675504508844252172e+00
2.834442312965412825e+00 -1.445475110987298084e+00
-1.161226884122220859e+00 -3.489054432152889351e+00
-5.849593556423826612e-02 -3.576917218976334745e+00
1.379982037583022958e-01 -1.981848898673881809e+00
-2.888057892808442162e+00 1.847122407503515973e+00
-3.072655465093177440e+00 7.082718352271427875e+00
-2.342524327710969523e+00 6.597309469281249505e+00
-1.769241412959168258e+00 -1.093638100931705992e+00
-2.430792748986946528e+00 1.940593229025049382e+00
3.524731858937411921e+00 -3.299858704199913007e+00
-3.850222743585534069e+00 -1.193347359244413486e+00
1.041853500512452513e+00 -2.688761981995373418e-01
-2.952410423156993424e+00 4.803252081859801237e-01
1.871764338642737613e+00 6.680212672674699093e-01
-2.455768470454350982e+00 2.947622865993606567e+00
3.839767016193045279e+00 4.616575630117049300e+00
1.610881554143915650e+00 5.138510901411214249e+00
-3.311969461499183254e+00 -1.679847305897163245e+00
2.405526417466634648e+00 7.416487357249199164e+00
-3.342169704096654925e+00 5.320103142769111670e+00
-2.169523666342024093e+00 7.562379974664501958e+00
-3.453554605631510732e+00 5.775679456889424301e+00
1.081779084888404796e+00 5.504196683664579481e+00
2.437413909629129627e+00 2.983853772718490838e+00
-1.534049924298707346e+00 -3.285456062722496462e+00
3.286551862323941364e+00 2.194709201728318959e+00
-1.980228893903428045e+00 -8.135399988927831672e-01
